[[[[[ 0.          0.        ]
    [ 0.          0.        ]
    [ 0.          0.        ]]

   [[50.00616569 52.08137851]
    [36.0352977  56.95039305]
    [ 1.53320288 27.26244507]]

   [[97.65596467 94.09637877]
    [97.74804676 97.51501628]
    [97.28416181 97.73711687]]

   [[97.7276049  96.87431556]
    [97.46747972 97.72503884]
    [94.6226044  97.64115203]]

   [[ 3.1776755   0.99221872]
    [41.5750414  25.62601923]
    [50.32722386 46.25489698]]

   [[ 0.          0.        ]
    [ 0.          0.        ]
    [ 0.          0.        ]]]]]